
                Media    Mediana      D. T.        Mín        Máx
x1              9,000      9,000      3,317      4,000      14,00
y1              7,501      7,580      2,032      4,260      10,84
x2              9,000      9,000      3,317      4,000      14,00
y2              7,501      8,140      2,032      3,100      9,260
x3              9,000      9,000      3,317      4,000      14,00
y3              7,500      7,110      2,030      5,390      12,74
x4              9,000      8,000      3,317      8,000      19,00
y4              7,501      7,040      2,031      5,250      12,50

